[ 3329.745948] [Project1] 3747 1587917367.526076766 1587917369.428606704
[ 3333.345722] [Project1] 3748 1587917371.121059868 1587917373.028380782
[ 3336.740898] [Project1] 3749 1587917374.652116703 1587917376.423558885
[ 3340.186004] [Project1] 3750 1587917378.079411621 1587917379.868662637
[ 3343.518091] [Project1] 3751 1587917381.476454273 1587917383.200750651
[ 3346.898279] [Project1] 3752 1587917384.866857314 1587917386.580939722
[ 3350.215698] [Project1] 3753 1587917388.199635475 1587917389.898358924
[ 3353.498294] [Project1] 3756 1587917391.492516949 1587917393.180952884
[ 3356.765781] [Project1] 3757 1587917394.780532289 1587917396.448440511
[ 3360.041789] [Project1] 3758 1587917398.046016895 1587917399.724448306
